12:32:20.298 -> STARTING
12:32:20.331 -> 90,90,90,90,0,1,2470
12:32:20.331 -> 90,90,90,90,0,1,2440
12:32:20.365 -> 90,90,90,90,0,1,2410
12:32:20.398 -> 90,90,90,90,0,1,2380
12:32:20.398 -> 90,90,90,90,0,1,2350
12:32:20.432 -> 90,90,90,90,0,1,2320
12:32:20.465 -> 90,90,90,90,0,1,2290
12:32:20.465 -> 90,90,90,90,0,1,2260
12:32:20.498 -> 90,90,90,90,0,1,2230
12:32:20.532 -> 90,90,90,90,0,1,2200
12:32:20.532 -> 90,90,90,90,0,1,2170
12:32:20.567 -> 90,90,90,90,0,1,2140
12:32:20.600 -> 90,90,90,90,0,1,2110
12:32:20.600 -> 90,90,90,90,0,1,2080
12:32:20.635 -> 90,90,90,90,0,1,2050
12:32:20.669 -> 90,90,90,90,0,1,2020
12:32:20.669 -> 90,90,90,90,0,1,1990
12:32:20.704 -> 80,90,90,80,0,2,1960
12:32:20.737 -> 70,90,90,70,0,2,1930
12:32:20.737 -> 60,90,90,60,0,2,1900
12:32:20.772 -> 50,90,90,50,0,2,1870
12:32:20.807 -> 40,90,90,40,0,2,1840
12:32:20.807 -> 30,90,90,30,0,2,1810
12:32:20.841 -> 20,90,90,20,0,2,1780
12:32:20.876 -> 10,90,90,10,0,2,1750
12:32:20.876 -> 0,90,90,0,0,2,1720
12:32:20.910 -> 0,90,90,0,0,3,1690
12:32:20.944 -> 0,90,90,0,0,3,1660
12:32:20.944 -> 0,90,90,0,0,3,1630
12:32:20.978 -> 0,90,90,0,0,3,1600
12:32:20.978 -> 0,90,90,0,0,3,1570
12:32:21.012 -> 0,90,90,0,0,3,1540
12:32:21.045 -> 0,80,80,0,0,4,1510
12:32:21.045 -> 0,70,70,0,0,4,1480
12:32:21.078 -> 0,60,60,0,0,4,1450
12:32:21.111 -> 0,50,50,0,0,4,1420
12:32:21.111 -> 0,40,40,0,0,4,1390
12:32:21.145 -> 0,30,30,0,0,4,1360
12:32:21.145 -> 0,20,20,0,0,4,1330
12:32:21.178 -> 0,10,10,0,0,4,1300
12:32:21.212 -> 0,0,0,0,0,4,1270
12:32:21.212 -> 0,0,0,0,0,4,1240
12:32:21.246 -> 0,0,0,0,0,4,1210
12:32:21.246 -> 0,0,0,0,0,4,1180
12:32:21.281 -> 0,0,0,0,0,4,1150
12:32:21.281 -> 0,0,0,0,0,4,1120
12:32:21.315 -> 0,0,0,0,0,4,1090
12:32:21.315 -> 0,0,0,0,0,4,1060
12:32:21.348 -> 0,0,0,0,0,4,1030
12:32:21.381 -> 0,0,0,0,0,4,1000
12:32:21.381 -> 0,0,0,0,0,4,970
12:32:21.414 -> 0,0,0,0,0,4,940
12:32:21.414 -> 0,0,0,0,0,4,910
12:32:21.448 -> 0,0,0,0,0,4,880
12:32:21.448 -> 0,0,0,0,0,4,850
12:32:21.482 -> 0,0,0,0,0,4,820
12:32:21.482 -> 0,0,0,0,0,4,790
12:32:21.516 -> 0,0,0,0,0,4,760
12:32:21.516 -> 0,0,0,0,0,4,730
12:32:21.550 -> 0,0,0,0,0,4,700
12:32:21.550 -> 0,0,0,0,0,4,670
12:32:21.583 -> 0,0,0,0,0,4,640
12:32:21.583 -> 0,0,0,0,0,4,610
12:32:21.617 -> 0,0,0,0,0,4,580
12:32:21.651 -> 0,0,0,0,0,4,550
12:32:21.651 -> 0,0,0,0,0,4,520
12:32:21.685 -> 0,0,0,0,0,4,490
12:32:21.685 -> 0,0,0,0,0,4,460
12:32:21.719 -> 0,0,0,0,0,4,430
12:32:21.719 -> 0,0,0,0,0,4,400
12:32:21.752 -> 0,0,0,0,0,4,370
12:32:21.752 -> 0,0,0,0,0,4,340
12:32:21.786 -> 0,0,0,0,0,4,310
12:32:21.786 -> 0,0,0,0,0,4,280
12:32:21.819 -> 0,0,0,0,0,4,250
12:32:21.819 -> 0,0,0,0,0,4,220
12:32:21.852 -> 0,0,0,0,0,4,190
12:32:21.852 -> 0,0,0,0,0,4,160
12:32:21.886 -> 0,0,0,0,0,4,130
12:32:21.886 -> 0,0,0,0,0,4,100
12:32:21.919 -> 0,0,0,0,0,4,70
12:32:21.919 -> 0,0,0,0,0,4,40
12:32:21.953 -> 0,0,0,0,0,4,10
12:32:21.953 -> 0,0,0,0,0,4,-20
12:32:21.987 -> 0,0,0,0,0,4,-50
12:32:21.987 -> 0,0,0,0,0,4,-80
12:32:22.021 -> 0,0,0,0,0,4,-110
12:32:22.056 -> 0,0,0,0,0,4,-140
12:32:22.056 -> 0,0,0,0,0,4,-170
12:32:22.090 -> 0,0,0,0,0,4,-200
12:32:22.090 -> 0,0,0,0,0,4,-230
12:32:22.123 -> 0,0,0,0,0,4,-260
12:32:22.123 -> 0,0,0,0,0,4,-290
12:32:22.159 -> 0,0,0,0,0,4,-320
12:32:22.159 -> 0,0,0,0,0,4,-350
12:32:22.191 -> 0,0,0,0,0,4,-380
12:32:22.191 -> 0,0,0,0,0,4,-410
12:32:22.226 -> 0,0,0,0,0,4,-440
12:32:22.261 -> 0,0,0,0,0,4,-470
12:32:22.261 -> 0,0,0,0,0,4,-500
12:32:22.294 -> 0,0,0,0,0,4,-530
12:32:22.294 -> 0,0,0,0,0,4,-560
12:32:22.328 -> 0,0,0,0,0,4,-590
12:32:22.328 -> 0,0,0,0,0,4,-620
12:32:22.363 -> 0,0,0,0,0,4,-650
12:32:22.363 -> 0,0,0,0,0,4,-680
12:32:22.396 -> 0,0,0,0,0,4,-710
12:32:22.396 -> 0,0,0,0,0,4,-740
12:32:22.431 -> 0,0,0,0,0,4,-770
12:32:22.464 -> 0,0,0,0,0,4,-800
12:32:22.464 -> 0,0,0,0,0,4,-830
12:32:22.498 -> 0,0,0,0,0,4,-860
12:32:22.498 -> 0,0,0,0,0,4,-890
12:32:22.532 -> 0,0,0,0,0,4,-920
12:32:22.532 -> 0,0,0,0,0,4,-950
12:32:22.565 -> 0,0,0,0,0,4,-980
12:32:22.565 -> 0,0,0,0,0,4,-1010
12:32:22.598 -> 0,0,0,0,0,4,-1040
12:32:22.632 -> 0,0,0,0,0,4,-1070
12:32:22.632 -> 0,0,0,0,0,4,-1100
12:32:22.667 -> 0,0,0,0,0,4,-1130
12:32:22.667 -> 0,0,0,0,0,4,-1160
12:32:22.700 -> 0,0,0,0,0,4,-1190
12:32:22.733 -> 0,0,0,0,0,4,-1220
12:32:22.733 -> 0,0,0,0,0,4,-1250
12:32:22.768 -> 0,0,0,0,0,4,-1280
12:32:22.768 -> 0,0,0,0,0,4,-1310
12:32:22.801 -> 0,0,0,0,0,4,-1340
12:32:22.801 -> 0,0,0,0,0,4,-1370
12:32:22.835 -> 0,0,0,0,0,4,-1400
12:32:22.870 -> 0,0,0,0,0,4,-1430
12:32:22.870 -> 0,0,0,0,0,4,-1460
12:32:22.904 -> 0,0,0,0,0,4,-1490
12:32:22.904 -> 0,0,0,0,0,4,-1520
12:32:22.937 -> 0,0,0,0,0,4,-1550
12:32:22.971 -> 0,0,0,0,0,4,-1580
12:32:22.971 -> 0,0,0,0,0,4,-1610
12:32:23.005 -> 10,10,10,10,0,5,-1640
12:32:23.005 -> 20,20,20,20,0,5,-1670
12:32:23.038 -> 30,30,30,30,0,5,-1700
12:32:23.072 -> 40,40,40,40,0,5,-1730
12:32:23.105 -> 50,50,50,50,0,5,-1760
12:32:23.105 -> 60,60,60,60,0,5,-1790
12:32:23.139 -> 70,70,70,70,0,5,-1820
12:32:23.173 -> 80,80,80,80,0,5,-1850
12:32:23.173 -> 90,90,90,90,0,1,-1880
12:32:23.207 -> 90,90,90,90,0,1,-1910
12:32:23.241 -> 90,90,90,90,0,1,-1940
12:32:23.241 -> 90,90,90,90,0,1,-1970
12:32:23.275 -> 90,90,90,90,0,1,-2000
12:32:23.308 -> 90,90,90,90,0,1,-2030
12:32:23.341 -> 90,90,90,90,0,1,-2060
12:32:23.341 -> 90,90,90,90,0,1,-2090
12:32:23.376 -> 90,90,90,90,0,1,-2120
12:32:23.410 -> 90,90,90,90,0,1,-2150
12:32:23.410 -> 90,90,90,90,0,1,-2180
12:32:23.444 -> 90,90,90,90,0,1,-2210
12:32:23.478 -> 90,90,90,90,0,1,-2240
12:32:23.512 -> 90,90,90,90,0,1,-2270
12:32:23.512 -> 90,90,90,90,0,1,-2300
12:32:23.545 -> 90,90,90,90,0,1,-2330
12:32:23.578 -> 90,90,90,90,0,1,-2360
12:32:23.578 -> 90,90,90,90,0,1,-2390
12:32:23.613 -> 90,90,90,90,0,1,-2420
12:32:23.646 -> 90,90,90,90,0,1,-2450
12:32:23.679 -> 90,90,90,90,0,1,-2480
12:32:23.679 -> 90,90,90,90,0,1,-2510
